CN
105
1050
1146
117
121
14
18
186
194
20
206
21
212
22
229
236
244
26
27
273
281
287
294
3
31
314
315
317
33
335
362
367
38
39
390
4
406
411
43
44
482
498
50
516
518
52
527
528
55
551
556
557
57
570
573
588
604
605
61
62
64
661
666
68
681
696
698
707
722
73
736
737
740
75
757
771
784
79
796
80
808
814
88
904
906
931
938
98

AD
1013
102
1032
1046
1049
1056
1066
107
1078
1089
1090
1100
1102
1122
1135
1139
1145
1209
1260
1264
1273
1298
1316
1368
1374
1387
1393
1398
1430
1435
1437
1442
1457
1477
1482
1484
1504
1513
1526
1537
1538
1543
1547
1549
1552
1559
1575
1577
1579
1610
1611
19
259
361
371
373
417
488
494
510
567
593
658
665
683
776
819
838
893
895
91
917
919
930
952
970
978
993
995
